0.000000 0.000000 0.000000
-0.384967 -0.257454 -0.886295
0.353499 0.003309 0.935429
-0.938373 -0.131930 -0.319453
0.935563 0.131323 0.327836
-0.588420 0.090183 0.803511
0.475252 -0.032140 -0.879263
0.268435 0.943341 -0.195065
-0.104966 -0.953789 0.281548
-0.168369 0.654583 -0.737002
0.000145 -0.709830 0.704373
0.346025 -0.493252 -0.798104
-0.343921 0.490044 0.800984
0.662069 0.628311 -0.408521
0.000000 0.000000 0.000000
-0.742188 -0.614427 0.267649
0.753861 0.544830 0.367225
-0.787141 -0.582821 -0.201815
-0.412732 -0.732694 0.541122
0.251010 0.749299 -0.612817
0.313258 -0.859678 0.403514
-0.146279 0.921229 -0.360471
0.737250 -0.275842 -0.616745
-0.721090 0.474947 0.504435
0.838033 0.163773 -0.520460
-0.737379 -0.317561 0.596177
0.303982 -0.950824 -0.059397
-0.442528 0.896747 0.003789
0.000000 0.000000 0.000000
0.551974 -0.711864 -0.434251
-0.425398 0.793880 0.434501
-0.787246 0.612568 0.070738
0.672951 -0.738959 0.032816
-0.960497 -0.252128 0.117804
0.910463 0.406290 -0.077371
0.650047 0.249448 0.717785
-0.665858 -0.443823 -0.599712
-0.182707 0.071849 0.980538
0.063026 -0.165099 -0.984261
0.135523 -0.838378 -0.527974
-0.023084 0.781738 0.623180
-0.721838 0.016166 -0.691873
0.000000 0.000000 0.000000
0.736756 -0.174393 0.653283
-0.113895 -0.975544 -0.187995
-0.042710 0.986586 0.157553
0.989244 -0.019833 -0.144926
-0.976387 0.212319 0.039869
0.403392 -0.475892 0.781538
-0.554947 0.434692 -0.709280
-0.577122 0.723905 -0.378009
0.665513 -0.594497 0.451293
-0.404107 -0.781602 -0.475180
0.343432 0.880608 0.326471
-0.125311 -0.596302 -0.792919
0.112075 0.392745 0.912793
0.000000 0.000000 0.000000
-0.385234 -0.373430 0.843887
0.525057 0.392532 -0.755138
-0.489588 -0.871763 0.018282
0.628927 0.777453 0.004123
-0.864122 0.351593 -0.360105
0.924906 -0.309340 0.221036
0.032449 -0.312073 0.949504
0.126569 0.339156 -0.932177
-0.889475 0.077883 0.450299
0.869722 -0.435207 -0.232763
0.404466 0.612053 0.679558
-0.278545 0.177114 -0.943951
0.000000 0.000000 0.000000
-0.384263 -0.257078 -0.886709
0.353949 0.003247 0.935259
-0.937738 -0.131558 -0.321465
0.936215 0.131398 0.325939
-0.588983 0.090405 0.803073
0.474760 -0.032024 -0.879533
0.267724 0.943195 -0.196741
-0.104728 -0.954266 0.280015
-0.167828 0.653742 -0.737872
-0.000104 -0.710738 0.703457
0.345802 -0.492657 -0.798568
-0.344472 0.490786 0.800293
0.661709 0.627890 -0.409751
0.000000 0.000000 0.000000
-0.742681 -0.614481 0.266153
0.754163 0.545209 0.366039
-0.786794 -0.582703 -0.203498
-0.413492 -0.733198 0.539856
0.251002 0.748138 -0.614238
0.313519 -0.860319 0.401942
-0.146086 0.920539 -0.362307
0.736334 -0.275516 -0.617983
-0.721675 0.475101 0.503452
0.837201 0.164034 -0.521716
-0.738459 -0.317953 0.594629
0.303926 -0.950743 -0.060959
-0.442547 0.896743 0.002060
0.000000 0.000000 0.000000
0.551878 -0.711059 -0.435691
-0.425475 0.794633 0.433046
-0.787184 0.612800 0.069407
0.672972 -0.739011 0.031161
-0.960764 -0.251909 0.116079
0.910462 0.406016 -0.078806
0.651030 0.249568 0.716851
-0.665262 -0.443162 -0.600861
-0.182942 0.072506 0.980446
0.062859 -0.164965 -0.984294
0.135519 -0.837351 -0.529601
-0.023534 0.783028 0.621542
-0.720908 0.016367 -0.692837
0.000000 0.000000 0.000000
0.737660 -0.174412 0.652256
-0.113867 -0.975264 -0.189458
-0.042699 0.986855 0.155863
0.988982 -0.019892 -0.146691
-0.976504 0.212078 0.038254
0.403585 -0.477017 0.780752
-0.554071 0.433671 -0.710587
-0.576687 0.723338 -0.379755
0.666297 -0.594882 0.449626
-0.404059 -0.780799 -0.476539
0.343834 0.881057 0.324833
-0.125019 -0.595573 -0.793513
0.111951 0.393156 0.912631
0.000000 0.000000 0.000000
-0.386180 -0.373736 0.843319
0.524347 0.391866 -0.755977
-0.489172 -0.872034 0.016328
0.629205 0.777235 0.002682
-0.863477 0.351516 -0.361723
0.925234 -0.309705 0.219146
0.032625 -0.312565 0.949336
0.126545 0.338661 -0.932360
-0.890252 0.077660 0.448798
0.869185 -0.435245 -0.234689
0.405293 0.612657 0.678520
-0.278398 0.176175 -0.944170
0.000000 0.000000 0.000000
0.988935 -0.019738 -0.147028
-0.985276 0.001348 0.170966
-0.637914 -0.652110 -0.409657
0.754413 0.545336 0.365334
0.846657 -0.526522 0.077115
-0.787266 0.612762 0.068812
0.313571 -0.860488 0.401540
-0.368228 0.897226 -0.243708
-0.404135 -0.780610 -0.476784
0.343997 0.881126 0.324472
-0.976490 0.212256 0.037600
0.990813 -0.076611 0.111448
0.629136 0.777293 0.001978
0.000000 0.000000 0.000000
-0.717662 -0.695929 0.025377
0.673007 -0.739003 0.030594
-0.627650 0.754269 0.192702
-0.665093 -0.442794 -0.601319
0.634003 0.509512 0.581754
0.032878 -0.312551 0.949332
0.126441 0.338606 -0.932394
0.942007 0.206223 -0.264754
-0.879570 -0.310567 0.360423
0.574328 -0.126919 0.808727
-0.510822 0.005673 -0.859668
-0.553940 0.433698 -0.710673
0.403805 -0.477228 0.780509
0.000000 0.000000 0.000000
-0.116752 -0.356538 -0.926957
0.112056 0.393370 0.912526
-0.576621 0.723108 -0.380294
0.666517 -0.594984 0.449165
-0.313298 0.425159 -0.849167
0.293409 -0.259222 0.920171
0.775270 0.620458 -0.118269
-0.742746 -0.614606 0.265682
-0.960818 -0.251888 0.115677
0.910402 0.406034 -0.079405
0.833400 0.080679 0.546749
-0.798926 -0.208182 -0.564249
0.322264 -0.890266 -0.321826
0.000000 0.000000 0.000000
-0.276473 0.938422 0.207189
0.094067 0.906736 0.411072
-0.130645 -0.847712 -0.514117
0.900569 -0.204336 -0.383695
-0.890377 0.077803 0.448526
-0.413684 -0.733378 0.539465
0.435530 0.607648 -0.664136
0.469653 0.830505 -0.299478
-0.387890 -0.878464 0.279003
-0.265957 -0.609699 0.746682
0.250815 0.747993 -0.614490
0.303893 -0.950719 -0.061496
-0.442494 0.896770 0.001639
0.000000 0.000000 0.000000
-0.104602 -0.954410 0.279572
0.267756 0.943089 -0.197207
0.079505 0.115342 0.990139
0.062659 -0.164871 -0.984323
-0.042911 0.986917 0.155416
-0.113833 -0.975172 -0.189951
0.593527 -0.513025 -0.620105
-0.545022 0.572600 0.612438
-0.720592 0.016327 -0.693167
0.737944 -0.174483 0.651916
0.741468 0.398105 -0.540128
-0.738611 -0.318141 0.594340
0.345694 -0.492533 -0.798691
0.000000 0.000000 0.000000
-0.344619 0.490922 0.800145
0.329324 0.177473 -0.927388
-0.255761 -0.183453 0.949174
0.205460 0.977944 0.037576
-0.369574 -0.905237 -0.209667
0.154375 -0.576115 0.802658
-0.167760 0.653442 -0.738154
0.524114 0.391751 -0.756199
-0.386455 -0.373916 0.843113
-0.353594 0.258578 0.898949
0.331547 -0.266877 -0.904905
-0.384056 -0.257042 -0.886809
0.402808 0.324429 0.855858
0.000000 0.000000 0.000000
-0.183098 0.072414 0.980424
-0.051314 0.073640 -0.995964
0.925297 -0.309885 0.218627
-0.863303 0.351429 -0.362223
-0.786725 -0.582680 -0.203834
0.907533 0.370211 0.198311
0.551902 -0.710737 -0.436185
-0.425384 0.794946 0.432561
-0.614056 -0.173247 0.770014
0.697732 -0.008531 -0.716308
-0.023659 0.783282 0.621217
0.135519 -0.837153 -0.529914
-0.622120 -0.573443 0.533038
0.000000 0.000000 0.000000
0.661575 0.627709 -0.410245
0.569772 0.766006 0.297649
-0.489195 -0.872030 0.015859
0.936438 0.131276 0.325347
-0.937581 -0.131597 -0.321906
0.354323 0.003319 0.935117
-0.278278 0.176059 -0.944227
-0.000047 -0.710921 0.703271
0.075052 0.582224 -0.809557
-0.776973 0.587929 -0.225059
0.805947 -0.370616 0.461621
-0.924729 -0.346455 -0.157623
0.651324 0.249501 0.716607
0.000000 0.000000 0.000000
0.166772 -0.664571 -0.728377
-0.246376 0.706469 0.663476
-0.959043 0.130283 -0.251520
0.869128 -0.435113 -0.235148
-0.124988 -0.595388 -0.793657
0.130028 0.624807 0.769876
-0.721829 0.475181 0.503157
0.735977 -0.275489 -0.618420
-0.145902 0.920426 -0.362667
0.029085 -0.880152 0.473800
0.472175 -0.865410 0.167678
-0.399491 0.712415 -0.576950
0.694050 -0.680467 -0.235074
0.000000 0.000000 0.000000
-0.886342 0.400536 0.232312
0.053260 -0.997437 0.047767
0.070121 0.893267 -0.444024
0.474493 -0.031926 -0.879680
-0.589376 0.090564 0.802766
0.405329 0.612975 0.678211
-0.422315 -0.530427 -0.735049
-0.754840 0.208212 0.621984
0.836970 0.163861 -0.522140
0.451342 -0.693660 0.561361
-0.750629 0.289637 -0.593857
0.000000 0.000000 0.000000
0.988848 -0.019766 -0.147609
-0.985377 0.001342 0.170384
-0.637758 -0.651975 -0.410114
0.754546 0.545430 0.364920
0.846704 -0.526524 0.076585
-0.787266 0.612827 0.068228
0.313620 -0.860710 0.401024
-0.368163 0.897104 -0.244253
-0.403939 -0.780429 -0.477245
0.344027 0.881336 0.323871
-0.976506 0.212283 0.037044
0.990878 -0.076610 0.110869
0.629174 0.777263 0.001418
0.000000 0.000000 0.000000
-0.717613 -0.696000 0.024815
0.673021 -0.739012 0.030064
-0.627680 0.754397 0.192100
-0.664849 -0.442755 -0.601617
0.634257 0.509715 0.581299
0.032831 -0.312796 0.949253
0.126301 0.338479 -0.932459
0.941867 0.206177 -0.265286
-0.879734 -0.310697 0.359910
0.574614 -0.127044 0.808504
-0.510549 0.005647 -0.859830
-0.553647 0.433483 -0.711033
0.403995 -0.477337 0.780344
0.000000 0.000000 0.000000
-0.116658 -0.356367 -0.927035
0.112139 0.393520 0.912451
-0.576476 0.723006 -0.380707
0.666667 -0.595122 0.448760
-0.313195 0.424968 -0.849300
0.293550 -0.259439 0.920065
0.775187 0.620457 -0.118816
-0.742870 -0.614661 0.265211
-0.960873 -0.251949 0.115082
0.910383 0.405974 -0.079922
0.833659 0.080666 0.546356
-0.798700 -0.207975 -0.564645
0.322213 -0.890124 -0.322272
0.000000 0.000000 0.000000
-0.276510 0.938507 0.206752
0.094124 0.906965 0.410555
-0.130540 -0.847472 -0.514539
0.900379 -0.204357 -0.384130
-0.890587 0.077721 0.448123
-0.413729 -0.733648 0.539063
0.435364 0.607482 -0.664398
0.469548 0.830370 -0.300019
-0.387896 -0.878646 0.278422
-0.266019 -0.610068 0.746358
0.250763 0.747712 -0.614854
0.303809 -0.950716 -0.061955
-0.442413 0.896811 0.001069
0.000000 0.000000 0.000000
-0.104684 -0.954554 0.279047
0.267751 0.942975 -0.197758
0.079661 0.115456 0.990113
0.062611 -0.164831 -0.984333
-0.042852 0.987024 0.154748
-0.113778 -0.975066 -0.190530
0.593267 -0.512874 -0.620480
-0.545265 0.572750 0.612081
-0.720318 0.016374 -0.693450
0.738220 -0.174483 0.651603
0.741279 0.397858 -0.540569
-0.738905 -0.318210 0.593938
0.345496 -0.492259 -0.798945
0.000000 0.000000 0.000000
-0.344717 0.491171 0.799951
0.329161 0.177341 -0.927472
-0.255918 -0.183637 0.949096
0.205422 0.977975 0.036973
-0.369578 -0.905128 -0.210134
0.154335 -0.576484 0.802401
-0.167615 0.653271 -0.738338
0.523880 0.391599 -0.756439
-0.386656 -0.374193 0.842898
-0.353774 0.258645 0.898858
0.331444 -0.266727 -0.904987
-0.383880 -0.256884 -0.886931
0.403046 0.324576 0.855689
0.000000 0.000000 0.000000
-0.183191 0.072481 0.980402
-0.051296 0.073557 -0.995971
0.925418 -0.309966 0.217998
-0.863124 0.351340 -0.362735
-0.786639 -0.582591 -0.204419
0.907643 0.370252 0.197732
0.551666 -0.710604 -0.436699
-0.425526 0.795084 0.432168
-0.614327 -0.173291 0.769788
0.697385 -0.008457 -0.716647
-0.023600 0.783483 0.620965
0.135512 -0.836847 -0.530400
-0.622279 -0.573626 0.532656
0.000000 0.000000 0.000000
0.661376 0.627634 -0.410678
0.569853 0.766177 0.297053
-0.489240 -0.872016 0.015246
0.936596 0.131353 0.324860
-0.937400 -0.131486 -0.322479
0.354460 0.003300 0.935065
-0.278086 0.176050 -0.944285
-0.000048 -0.711252 0.702937
0.074959 0.582034 -0.809702
-0.776836 0.587874 -0.225675
0.806149 -0.370691 0.461208
-0.924631 -0.346460 -0.158185
0.651557 0.249694 0.716329
0.000000 0.000000 0.000000
0.166802 -0.664314 -0.728604
-0.246464 0.706701 0.663196
-0.958896 0.130225 -0.252112
0.868990 -0.435088 -0.235700
-0.125013 -0.595106 -0.793864
0.130056 0.625080 0.769649
-0.722100 0.475288 0.502666
0.735780 -0.275415 -0.618688
-0.145912 0.920234 -0.363151
0.029057 -0.880419 0.473305
0.472263 -0.865481 0.167062
-0.399349 0.712206 -0.577307
0.693944 -0.680377 -0.235645
0.000000 0.000000 0.000000
-0.886477 0.400631 0.231632
0.053255 -0.997464 0.047217
0.070117 0.893045 -0.444470
0.474338 -0.031925 -0.879764
-0.589595 0.090518 0.802611
0.405525 0.613108 0.677973
-0.422229 -0.530201 -0.735261
-0.755032 0.208328 0.621712
0.836740 0.163835 -0.522517
0.451462 -0.693894 0.560975
-0.750422 0.289445 -0.594212
0.000000 0.000000 0.000000
0.820897 -0.077657 -0.565772
-0.751546 -0.015930 0.659489
-0.557765 -0.607291 -0.565770
0.605617 0.655327 0.451415
-0.531640 -0.808259 -0.253133
0.426990 0.780692 0.456288
0.602049 0.515928 -0.609390
-0.598156 -0.400728 0.693993
-0.979352 -0.194314 -0.055789
0.982068 0.149820 0.114443
0.779348 0.306667 0.546417
-0.876504 -0.341373 -0.339418
-0.900920 0.182204 -0.393884
0.000000 0.000000 0.000000
0.869753 -0.138347 0.473698
0.487006 -0.291038 0.823481
-0.448537 0.259467 -0.855273
0.807020 -0.577429 -0.123667
-0.887684 0.460018 0.020019
-0.150133 -0.731142 -0.665501
0.275899 0.748892 0.602528
-0.997868 0.014713 -0.063589
0.950249 -0.086328 0.299290
0.106571 0.835917 0.538409
0.063105 -0.762054 -0.644432
0.524799 -0.399410 -0.751703
-0.537368 0.301419 0.787643
0.000000 0.000000 0.000000
-0.916841 0.372814 -0.142874
0.951678 -0.307023 -0.006852
-0.573354 -0.723412 0.384631
0.485398 0.722659 -0.492090
-0.632046 0.753012 -0.183005
0.611683 -0.762737 0.209943
-0.201750 0.887672 0.413926
0.088290 -0.931298 -0.353396
0.114178 0.953210 -0.279918
-0.250184 -0.872725 0.419236
-0.124081 0.645818 0.753342
0.158838 -0.527056 -0.834855
-0.630652 0.776026 0.007885
0.000000 0.000000 0.000000
0.508628 -0.855111 -0.100416
-0.192490 -0.780784 0.594411
0.063096 0.741752 -0.667700
-0.220385 -0.914148 -0.340240
0.194830 0.954963 0.223800
-0.667705 -0.732509 -0.132666
0.707032 0.689814 0.155767
0.484952 -0.818878 -0.307018
-0.592300 0.714461 0.372460
0.123800 -0.978824 -0.163024
-0.204455 0.975658 0.079311
0.303619 0.022470 -0.952529
-0.415129 0.031676 0.909211
0.000000 0.000000 0.000000
0.179660 -0.420816 0.889177
-0.080487 0.503082 -0.860483
-0.191593 -0.394393 0.898747
0.299802 0.484490 -0.821820
0.707268 0.038501 0.705896
-0.636148 -0.165744 -0.753555
-0.644808 0.386818 0.659238
0.593663 -0.200388 -0.779364
-0.166040 -0.133161 -0.977087
0.266214 0.196535 0.943665
0.390311 -0.706055 -0.590884
-0.415414 0.704580 0.575325
-0.847416 0.306369 0.433617
0.000000 0.000000 0.000000
0.798920 -0.391514 -0.456557
-0.760104 0.575492 0.301746
0.697670 -0.565698 -0.439593
0.861610 0.342548 0.374552
-0.779811 -0.487264 -0.393025
-0.074178 0.243534 0.967052
0.086979 -0.382884 -0.919692
-0.157774 -0.987266 0.020348
0.051941 0.997480 -0.048336
0.528819 0.203938 -0.823869
-0.465642 -0.175172 0.867464
-0.283917 -0.437129 -0.853411
0.290204 0.495402 0.818754
0.000000 0.000000 0.000000
0.162513 -0.810392 0.562898
-0.142366 0.805360 -0.575436
-0.068521 -0.115451 0.990947
0.112507 0.167095 -0.979501
0.440266 0.897074 0.037745
-0.323214 -0.941821 0.092225
0.538176 0.422726 0.729157
-0.559061 -0.338831 -0.756733
0.158627 -0.096654 0.982596
-0.338226 -0.034503 -0.940432
0.560718 -0.527005 0.638640
-0.608194 0.569660 -0.552800
-0.617878 0.217457 -0.755606
0.000000 0.000000 0.000000
0.671294 -0.361970 0.646794
-0.088224 -0.555617 0.826744
-0.107145 0.316729 -0.942445
0.491992 -0.780751 0.385189
-0.368326 0.823803 -0.430910
-0.382231 0.581388 -0.718253
0.281313 -0.680367 0.676730
-0.314145 0.945591 -0.084679
0.269091 -0.952247 0.144273
0.976962 0.202888 -0.066191
-0.939924 -0.131404 0.315080
-0.049638 0.501291 0.863854
0.234983 -0.146458 -0.960902
0.000000 0.000000 0.000000
0.694954 0.212652 -0.686890
-0.839661 -0.147900 0.522585
-0.800293 -0.475277 0.365572
0.797308 0.531115 -0.286735
0.841935 -0.450459 0.297038
-0.743693 0.525988 -0.412622
-0.817614 0.111125 -0.564942
0.521037 0.100530 0.847593
-0.870932 -0.485663 0.074891
0.838027 0.538717 0.086573
-0.601327 -0.777304 0.184941
0.598213 0.779906 -0.184085
0.926851 0.013466 -0.375187
0.000000 0.000000 0.000000
-0.947131 0.189165 0.259153
0.748245 -0.621417 0.232316
-0.109672 0.977793 -0.178585
0.957975 -0.221480 -0.182293
-0.880283 -0.072198 -0.468924
-0.222907 0.386226 0.895066
-0.346792 -0.692781 -0.632290
0.859753 0.354613 -0.367524
-0.464156 -0.566069 0.681268
0.102039 -0.956454 0.273465
0.301942 0.847072 -0.437379
